1651972388140 0.6647449 0
1651972388350 0.5647847 0
1651972388556 0.6021021 0
1651972388759 0.5656875 0
1651972388983 0.60070914 0
1651972389204 0.6256408 0
1651972389451 0.6235096 0
1651972389683 0.54457223 0
1651972389930 0.6100298 0
1651972390152 0.6745295 0
1651972390578 0.653753 0
1651972390858 0.6653458 0
1651972391089 0.6584604 0
1651972391312 0.6417836 0
1651972391543 0.6689033 0
1651972391762 0.60147756 0
1651972391999 0.61132056 0
1651972392240 0.6424516 0
1651972392496 0.6985146 0
1651972392787 0.6461172 0
1651972393043 0.616026 0
1651972393290 0.65214306 0
1651972393545 0.6502506 0
1651972393799 0.621068 0
1651972394012 0.60716385 0
1651972394224 0.59023374 0
1651972394434 0.6025958 0
1651972394699 0.6036831 0
1651972394928 0.654267 0
1651972395154 0.716007 0
1651972395468 0.6338198 0
1651972395759 0.66614765 0
