1651972388142 0 0
1651972388353 0 0
1651972388558 0 0
1651972388761 0 0
1651972388985 0 0
1651972389206 0 0
1651972389453 0 0
1651972389684 0 0
1651972389932 0 0
1651972390153 0 0
1651972390580 1 0
1651972390860 1 0
1651972391091 0 0
1651972391314 0 0
1651972391544 0 0
1651972391763 0 0
1651972392000 0 0
1651972392241 0 0
1651972392498 0 0
1651972392789 1 0
1651972393045 1 0
1651972393292 1 0
1651972393547 1 0
1651972393801 0 0
1651972394013 0 0
1651972394225 0 0
1651972394467 0 0
1651972394701 0 0
1651972394930 0 0
1651972395156 0 0
1651972395471 1 0
1651972395761 0 0
