1651972505824 0.6809352 0
1651972506100 0.64563507 0
1651972506374 0.6451394 0
1651972506649 0.6670217 0
1651972506924 0.6130002 0
1651972507184 0.6076105 0
1651972507410 0.67437816 0
1651972507736 0.62399524 0
1651972508050 0.62017214 0
1651972508360 0.64665973 0
1651972508632 0.6206747 0
1651972508980 0.55476916 0
1651972509365 0.60591567 0
1651972509868 0.55248183 0
1651972510210 0.52237934 0
1651972510486 0.5766377 0
1651972510824 0.58477813 0
1651972511105 0.56863517 0
1651972511332 0.56659037 0
1651972511642 0.5179752 0
1651972511894 0.50834113 0
1651972512126 0.5737059 0
1651972512354 0.59343237 0
1651972512584 0.5810155 0
1651972512851 0.61090565 0
1651972513082 0.576456 0
1651972513287 0.59232 0
1651972513498 0.80143493 0
1651972514014 0.661752 0
1651972514296 0.7288745 0
1651972514506 0.56658953 0
1651972514737 0.6200426 0
1651972514962 0.6290042 0
1651972515181 0.598203 0
1651972515384 0.62254065 0
1651972515701 0.62761605 0
1651972515988 0.60329777 0
1651972516217 0.5849699 0
1651972516456 0.5833719 0
1651972516697 0.56963277 0
1651972516895 0.63158244 0
1651972517099 0.6046768 0
1651972517306 0.6535029 0
1651972517523 0.60662425 0
1651972517734 0.5907592 0
1651972517930 0.60143846 0
1651972518193 0.63048106 0
1651972518442 0.6402965 0
1651972518703 0.5817062 0
1651972518953 0.5536722 0
1651972519146 0.56099325 0
1651972519350 0.56059647 0
1651972519554 0.56763023 0
1651972519764 0.5315286 0
1651972519974 0.55984926 0
1651972520180 0.5707676 0
1651972520457 0.6482434 0
1651972520792 0.6410691 0
1651972521042 0.5860969 0
1651972521287 0.6492532 0
1651972521521 0.6473429 0
1651972521823 0.653705 0
1651972522016 0.64551294 0
1651972522230 0.61203825 0
1651972522432 0.60648406 0
1651972522628 0.6393868 0
1651972522887 0.64430267 0
1651972523145 0.6600417 0
1651972523398 0.764929 0
1651972523668 0.7398796 0
1651972523911 0.6927432 0
1651972524159 0.6914194 0
1651972524419 0.65832144 0
1651972524655 0.57303494 0
1651972524901 0.5702933 0
1651972525119 0.59813195 0
1651972525328 0.6266448 0
1651972525533 0.629559 0
1651972525740 0.6633635 0
1651972525943 0.6598147 0
1651972526134 0.6901963 0
1651972526387 0.6738059 0
1651972526607 0.5990411 0
1651972526845 0.6303848 0
1651972527044 0.6115948 0
1651972527249 0.6033045 0
1651972527459 0.6229571 0
1651972527669 0.72618383 0
1651972527983 0.63195544 0
1651972528187 0.755675 0
1651972528374 0.5869582 0
1651972528590 0.7596196 0
1651972528994 0.6466584 0
1651972529196 0.69495547 0
1651972529429 0.7150554 0
1651972529637 0.5627547 0
