1651972505826 0 0
1651972506102 0 0
1651972506377 0 0
1651972506651 0 0
1651972506927 0 0
1651972507186 0 0
1651972507412 0 0
1651972507739 0 0
1651972508053 0 0
1651972508362 0 0
1651972508635 0 0
1651972508984 0 0
1651972509367 0 0
1651972509873 0 0
1651972510212 0 0
1651972510488 0 0
1651972510827 0 0
1651972511108 0 0
1651972511335 0 0
1651972511644 0 0
1651972511896 0 0
1651972512129 0 0
1651972512356 0 0
1651972512587 0 0
1651972512853 0 0
1651972513084 0 0
1651972513289 0 0
1651972513500 0 0
1651972514016 1 0
1651972514298 1 0
1651972514508 0 0
1651972514739 0 0
1651972514967 0 0
1651972515183 0 0
1651972515386 0 0
1651972515703 1 0
1651972515990 1 0
1651972516219 1 0
1651972516457 1 0
1651972516699 1 0
1651972516897 0 0
1651972517101 0 0
1651972517307 0 0
1651972517524 0 0
1651972517736 0 0
1651972517931 0 0
1651972518195 0 0
1651972518443 0 0
1651972518705 0 0
1651972518955 0 0
1651972519148 0 0
1651972519352 0 0
1651972519556 0 0
1651972519767 0 0
1651972519975 0 0
1651972520182 0 0
1651972520458 0 0
1651972520798 1 0
1651972521043 0 0
1651972521289 0 0
1651972521523 0 0
1651972521829 1 0
1651972522017 0 0
1651972522232 0 0
1651972522434 0 0
1651972522630 0 0
1651972522889 -1 0
1651972523147 -1 0
1651972523400 -1 0
1651972523669 -1 0
1651972523913 -1 0
1651972524161 -1 0
1651972524421 -1 0
1651972524657 0 0
1651972524903 0 0
1651972525121 0 0
1651972525329 0 0
1651972525535 0 0
1651972525742 0 0
1651972525945 0 0
1651972526135 0 0
1651972526389 1 0
1651972526610 1 0
1651972526847 1 0
1651972527046 0 0
1651972527251 0 0
1651972527461 0 0
1651972527671 0 0
1651972527985 0 0
1651972528188 0 0
1651972528376 0 0
1651972528592 0 0
1651972528996 0 0
1651972529198 0 0
1651972529431 0 0
1651972529639 0 0
