1652843014864 0.0 0
1652843015037 0.0 0
1652843015189 0.0 0
1652843015373 0.0 0
1652843015522 0.0 0
1652843015679 0.0 0
1652843015837 0.0 0
1652843016005 0.0 0
1652843016186 0.0 0
1652843016347 0.0 0
1652843016504 0.0 0
1652843016659 0.0 0
1652843016961 0.0 0
1652843017176 0.0 0
1652843017376 0.0 0
1652843017592 0.0 0
1652843017823 0.0 0
1652843018070 0.0 0
1652843018299 0.0 0
1652843018504 0.0 0
1652843018698 0.0 0
1652843018949 0.0 0
1652843019139 0.0 0
1652843019306 0.0 0
1652843019483 0.0 0
1652843019644 0.0 0
1652843019804 0.0 0
1652843019971 0.0 0
1652843020136 0.0 0
1652843020302 0.0 0
1652843020465 0.0 0
1652843020628 0.0 0
1652843020798 0.0 0
1652843020969 0.0 0
1652843021155 0.0 0
1652843021339 0.0 0
1652843021522 0.0 0
1652843021701 0.0 0
1652843021891 0.0 0
1652843022072 0.0 0
1652843022239 0.0 0
