1652843014862 0 0
1652843015035 0 0
1652843015187 0 0
1652843015371 0 0
1652843015520 0 0
1652843015677 0 0
1652843015836 0 0
1652843016003 0 0
1652843016184 0 0
1652843016345 0 0
1652843016502 0 0
1652843016658 0 0
1652843016954 1 0
1652843017175 0 0
1652843017375 0 0
1652843017590 0 0
1652843017821 0 0
1652843018067 0 0
1652843018297 0 0
1652843018502 0 0
1652843018696 0 0
1652843018946 0 0
1652843019137 0 0
1652843019304 0 0
1652843019481 0 0
1652843019642 0 0
1652843019803 0 0
1652843019969 0 0
1652843020134 0 0
1652843020300 0 0
1652843020463 0 0
1652843020626 0 0
1652843020796 0 0
1652843020967 0 0
1652843021153 0 0
1652843021336 0 0
1652843021520 0 0
1652843021699 0 0
1652843021859 0 0
1652843022070 0 0
1652843022237 0 0
