1652843014866 0.8557324 0
1652843015038 0.6696753 0
1652843015191 0.651261 0
1652843015375 0.6183602 0
1652843015523 0.5986118 0
1652843015680 0.64141494 0
1652843015839 0.67211336 0
1652843016007 0.5893397 0
1652843016189 0.67668676 0
1652843016349 0.60538703 0
1652843016506 0.65406376 0
1652843016661 0.57762814 0
1652843016964 0.5806845 0
1652843017178 0.5801483 0
1652843017378 0.5861586 0
1652843017594 0.5721058 0
1652843017825 0.5664581 0
1652843018072 0.614143 0
1652843018300 0.6366057 0
1652843018505 0.6272946 0
1652843018700 0.5756092 0
1652843018952 0.61048037 0
1652843019141 0.5811591 0
1652843019309 0.7578161 0
1652843019485 0.6561913 0
1652843019646 0.65729034 0
1652843019806 0.6322571 0
1652843019973 0.70848185 0
1652843020137 0.62324435 0
1652843020304 0.63379073 0
1652843020467 0.6297333 0
1652843020630 0.6195925 0
1652843020800 0.5384721 0
1652843020971 0.60790384 0
1652843021158 0.5822738 0
1652843021341 0.56537896 0
1652843021524 0.51527137 0
1652843021703 0.5364101 0
1652843021893 0.48067307 0
1652843022074 0.5407082 0
1652843022241 0.44846982 0
