1652841417703 0 0
1652841417848 0 0
1652841417994 0 0
1652841418140 0 0
1652841418284 0 0
1652841418427 0 0
1652841418567 0 0
1652841419480 0 0
1652841419629 0 0
1652841419794 0 0
1652841419946 0 0
1652841420111 0 0
1652841420258 0 0
1652841420399 0 0
1652841420543 0 0
1652841420691 0 0
1652841420840 0 0
1652841421030 0 0
1652841421199 0 0
1652841421367 0 0
1652841421522 0 0
1652841421671 0 0
1652841421838 0 0
1652841421998 0 0
1652841422149 0 0
1652841422744 1 0
1652841422933 0 0
1652841423124 0 0
1652841423268 0 0
1652841423424 0 0
1652841423568 0 0
1652841423712 0 0
1652841423860 0 0
1652841424013 0 0
1652841424164 0 0
1652841424317 0 0
1652841424464 0 0
1652841424613 0 0
1652841424760 0 0
1652841424910 0 0
1652841425062 0 0
1652841425269 0 0
1652841425458 0 0
1652841425644 0 0
1652841425830 0 0
1652841426020 0 0
1652841426223 0 0
1652841426482 0 0
1652841426673 0 0
1652841426858 0 0
1652841427051 0 0
1652841427237 0 0
1652841427424 0 0
1652841427563 0 0
1652841427706 0 0
1652841427859 0 0
1652841428016 0 0
1652841428175 0 0
1652841428332 0 0
1652841428481 0 0
1652841428637 0 0
1652841428782 0 0
1652841428942 0 0
1652841429099 0 0
1652841429247 0 0
1652841429425 0 0
1652841429591 0 0
1652841429747 0 0
1652841429900 0 0
1652841430061 0 0
1652841430209 0 0
1652841430383 0 0
1652841430531 0 0
1652841430679 0 0
1652841430833 0 0
1652841430977 0 0
1652841431157 0 0
1652841431344 0 0
1652841431520 0 0
1652841431676 0 0
1652841431834 0 0
1652841431996 0 0
1652841432176 0 0
1652841432331 0 0
1652841432487 0 0
1652841432638 0 0
1652841432789 0 0
1652841432965 0 0
1652841433127 0 0
1652841433290 0 0
1652841433483 0 0
1652841433638 0 0
1652841433795 0 0
1652841433981 0 0
1652841434161 0 0
1652841434319 0 0
1652841434511 0 0
1652841434677 0 0
1652841434910 0 0
1652841435119 0 0
1652841435304 0 0
1652841435572 0 0
1652841436181 0 0
1652841436377 0 0
1652841436660 0 0
1652841436809 0 0
1652841436987 0 0
1652841437226 0 0
1652841437466 0 0
1652841437639 0 0
1652841438368 0 0
1652841438514 0 0
1652841438654 0 0
1652841438801 0 0
1652841438994 0 0
1652841439160 0 0
1652841439327 0 0
1652841439491 0 0
1652841439652 0 0
1652841439835 0 0
1652841439982 0 0
1652841440169 0 0
1652841440384 0 0
1652841440578 0 0
1652841440718 0 0
1652841440968 0 0
1652841441141 0 0
1652841441396 -1 0
1652841441602 -1 0
1652841441858 0 0
1652841442078 -1 0
1652841442291 -1 0
1652841442499 -1 0
1652841442740 0 0
1652841442925 0 0
1652841443127 0 0
1652841443304 0 0
1652841443512 0 0
1652841443710 0 0
1652841443966 -1 0
1652841445177 0 0
1652841445379 0 0
1652841445649 0 0
1652841445815 0 0
1652841445966 0 0
1652841446159 0 0
1652841446375 0 0
1652841446544 0 0
1652841446759 0 0
1652841446947 0 0
1652841447111 0 0
1652841447326 0 0
1652841447509 0 0
1652841447712 0 0
1652841447878 0 0
1652841448109 0 0
1652841448283 0 0
1652841448436 0 0
1652841448577 0 0
1652841448718 0 0
1652841448901 0 0
1652841449076 0 0
1652841449249 0 0
1652841449414 0 0
1652841452028 0 0
1652841452180 0 0
1652841452494 0 0
1652841452716 0 0
1652841452864 0 0
1652841453109 0 0
1652841453240 0 0
1652841453649 0 0
1652841454046 0 0
1652841454196 0 0
1652841454450 0 0
1652841454686 0 0
1652841454833 0 0
1652841454984 0 0
1652841455142 0 0
1652841455288 0 0
1652841455438 0 0
1652841455574 0 0
1652841468016 0 0
1652841468737 0 0
1652841468941 0 0
1652841477568 0 0
1652841477840 0 0
1652841481078 1 0
1652841481301 0 0
1652841483300 0 0
1652841483921 0 0
1652841484100 0 0
1652841484415 1 0
1652841484618 0 0
1652841484831 0 0
1652841485049 0 0
1652841485251 0 0
1652841485460 0 0
1652841485676 0 0
1652841485926 0 0
1652841486986 0 0
1652841497713 0 0
1652841497898 0 0
1652841498062 0 0
1652841498234 0 0
1652841498382 0 0
1652841498558 0 0
1652841498803 0 0
1652841498838 0 0
1652841498874 0 0
1652841499060 0 0
1652841499342 0 0
1652841499367 0 0
1652841499390 0 0
1652841499416 0 0
1652841499580 0 0
1652841499791 0 0
1652841499819 0 0
1652841500007 0 0
1652841500256 0 0
1652841500282 0 0
1652841500338 0 0
1652841500523 0 0
1652841500699 0 0
1652841500876 0 0
1652841501040 0 0
1652841501204 0 0
1652841501379 0 0
1652841501533 0 0
1652841501684 0 0
1652841501858 0 0
1652841502013 0 0
1652841502185 0 0
1652841502760 0 0
1652841502938 0 0
1652841503139 0 0
1652841503319 0 0
1652841503476 0 0
1652841503705 0 0
1652841503896 0 0
1652841504113 0 0
1652841504611 0 0
1652841504877 0 0
1652841505224 0 0
1652841505256 0 0
1652841505292 0 0
1652841521146 1 0
1652841521366 0 0
1652841523951 1 0
1652841524174 0 0
1652841524390 0 0
1652841524580 0 0
1652841527939 0 0
1652841528084 0 0
