1652841417706 0.6770898 0
1652841417850 0.629036 0
1652841417996 0.49506536 0
1652841418141 0.50704086 0
1652841418286 0.5257103 0
1652841418429 0.52496874 0
1652841418569 0.5598921 0
1652841419482 0.6304269 0
1652841419631 0.76574457 0
1652841419796 0.72135717 0
1652841419948 0.5443194 0
1652841420112 0.53006727 0
1652841420260 0.46672896 0
1652841420401 0.81093454 0
1652841420545 0.53643394 0
1652841420693 0.50885195 0
1652841420842 0.5080297 0
1652841421031 0.53327525 0
1652841421200 0.5370266 0
1652841421369 0.49350727 0
1652841421524 0.5076085 0
1652841421672 0.4845099 0
1652841421840 0.49797368 0
1652841422001 0.48003402 0
1652841422151 0.54560316 0
1652841422747 0.54055125 0
1652841422935 0.5250127 0
1652841423126 0.53599554 0
1652841423269 0.4916915 0
1652841423425 0.46713305 0
1652841423570 0.46426865 0
1652841423713 0.49348 0
1652841423862 0.4711425 0
1652841424015 0.45735383 0
1652841424166 0.4662952 0
1652841424319 0.45616305 0
1652841424466 0.48359564 0
1652841424615 0.47174945 0
1652841424762 0.4644904 0
1652841424912 0.46987218 0
1652841425064 0.4441645 0
1652841425271 0.45507342 0
1652841425460 0.44876963 0
1652841425645 0.45815057 0
1652841425832 0.48376465 0
1652841426021 0.44897202 0
1652841426261 0.46364924 0
1652841426484 0.4122282 0
1652841426675 0.46762782 0
1652841426860 0.48584786 0
1652841427053 0.4518287 0
1652841427239 0.4425065 0
1652841427425 0.5085455 0
1652841427565 0.46245146 0
1652841427708 0.57108796 0
1652841427860 0.4531682 0
1652841428018 0.506675 0
1652841428177 0.51051986 0
1652841428335 0.5647031 0
1652841428483 0.49812952 0
1652841428639 0.6418144 0
1652841428783 0.63044673 0
1652841428944 0.5070869 0
1652841429101 0.62001485 0
1652841429249 0.7351232 0
1652841429427 0.7354423 0
1652841429593 0.49080223 0
1652841429749 0.51278853 0
1652841429902 0.53188753 0
1652841430063 0.53729385 0
1652841430211 0.53587687 0
1652841430385 0.40930417 0
1652841430533 0.48469543 0
1652841430681 0.47050205 0
1652841430835 0.6085032 0
1652841430979 0.5792559 0
1652841431159 0.43872643 0
1652841431346 0.4733055 0
1652841431522 0.4917126 0
1652841431678 0.51566684 0
1652841431835 0.5663688 0
1652841431998 0.5696198 0
1652841432178 0.5155618 0
1652841432333 0.53900146 0
1652841432489 0.5766078 0
1652841432640 0.54803675 0
1652841432791 0.5879065 0
1652841432967 0.5177714 0
1652841433129 0.58075315 0
1652841433291 0.5636057 0
1652841433485 0.52722794 0
1652841433640 0.5374255 0
1652841433797 0.50629264 0
1652841433983 0.55461365 0
1652841434163 0.5357755 0
1652841434321 0.5583342 0
1652841434513 0.46364364 0
1652841434679 0.43404168 0
1652841434912 0.5040967 0
1652841435120 0.4937578 0
1652841435306 0.5552488 0
1652841435574 0.7189684 0
1652841436183 0.7506772 0
1652841436379 0.6058651 0
1652841436662 0.84188086 0
1652841436811 0.73175246 0
1652841436989 0.7096276 0
1652841437228 0.8382708 0
1652841437468 0.76895404 0
1652841437641 0.76170594 0
1652841438370 0.8426972 0
1652841438516 0.6710029 0
1652841438656 0.5547594 0
1652841438802 0.44128576 0
1652841438996 0.4295607 0
1652841439162 0.494513 0
1652841439328 0.45051846 0
1652841439493 0.5723348 0
1652841439654 0.5474211 0
1652841439837 0.45212433 0
1652841439984 0.45142195 0
1652841440171 0.58837664 0
1652841440387 0.6961819 0
1652841440581 0.7023987 0
1652841440720 0.75932777 0
1652841440970 0.6763238 0
1652841441143 0.7068581 0
1652841441398 0.63013923 0
1652841441604 0.714534 0
1652841441860 0.7073189 0
1652841442089 0.8359305 0
1652841442293 0.9027834 0
1652841442501 0.687722 0
1652841442742 0.79421735 0
1652841442928 0.80937195 0
1652841443129 0.67548364 0
1652841443306 0.7085493 0
1652841443514 0.7942553 0
1652841443712 0.7308044 0
1652841443968 0.8141421 0
1652841445179 0.5741884 0
1652841445382 0.4970104 0
1652841445651 0.4871771 0
1652841445817 0.46064138 0
1652841445967 0.5246273 0
1652841446161 0.5737738 0
1652841446377 0.5612197 0
1652841446546 0.5553999 0
1652841446762 0.59594154 0
1652841446949 0.5648232 0
1652841447113 0.54960656 0
1652841447328 0.47316912 0
1652841447512 0.5115865 0
1652841447714 0.5271057 0
1652841447880 0.50430465 0
1652841448111 0.57880145 0
1652841448285 0.556324 0
1652841448438 0.53768575 0
1652841448579 0.59436953 0
1652841448719 0.5447865 0
1652841448903 0.4482184 0
1652841449078 0.4641011 0
1652841449251 0.5026093 0
1652841449416 0.72867185 0
1652841452030 0.85447264 0
1652841452182 0.95796686 0
1652841452496 0.8870875 0
1652841452718 0.8918488 0
1652841452866 0.87007093 0
1652841453110 0.9687468 0
1652841453242 0.96569705 0
1652841453650 0.91801155 0
1652841454047 0.8688225 0
1652841454198 0.9138496 0
1652841454451 0.8999899 0
1652841454688 1.0058839 0
1652841454835 0.85404587 0
1652841454985 0.8505435 0
1652841455143 0.9260058 0
1652841455290 0.8496701 0
1652841455439 0.86735713 0
1652841455576 0.8650553 0
1652841468018 0.83082396 0
1652841468739 0.9021506 0
1652841468943 0.68514425 0
1652841477570 1.0894233 0
1652841477842 0.95101994 0
1652841481080 1.0419782 0
1652841481303 0.86267364 0
1652841483302 1.0451174 0
1652841483922 1.0032518 0
1652841484102 0.9612702 0
1652841484424 0.906911 0
1652841484620 0.9326733 0
1652841484833 0.95023435 0
1652841485051 0.99525124 0
1652841485253 0.87921476 0
1652841485462 0.8779547 0
1652841485678 0.8980878 0
1652841485928 0.8623098 0
1652841486988 0.9333959 0
1652841497715 0.84108603 0
1652841497900 0.8492117 0
1652841498064 0.74558103 0
1652841498236 0.7287458 0
1652841498384 0.66854656 0
1652841498560 0.52839214 0
1652841498805 0.9512112 0
1652841498842 1.0239607 0
1652841498877 1.0644354 0
1652841499062 1.0389906 0
1652841499344 0.9436589 0
1652841499368 0.9552974 0
1652841499392 1.0483422 0
1652841499418 0.8869972 0
1652841499581 0.79610807 0
1652841499796 0.58799535 0
1652841499821 0.94428426 0
1652841500009 0.6299225 0
1652841500258 0.6230733 0
1652841500314 1.0164893 0
1652841500339 1.0084258 0
1652841500525 0.6310525 0
1652841500701 0.57454187 0
1652841500878 0.5646048 0
1652841501042 0.57036585 0
1652841501206 0.53430885 0
1652841501381 0.58176935 0
1652841501535 0.56449515 0
1652841501686 0.6428893 0
1652841501861 0.57420117 0
1652841502015 0.5743826 0
1652841502187 0.84696233 0
1652841502762 0.8402299 0
1652841502940 0.60522735 0
1652841503140 0.5481599 0
1652841503321 0.59310246 0
1652841503478 0.5666432 0
1652841503708 0.65595496 0
1652841503898 0.58008426 0
1652841504115 1.0207276 0
1652841504612 1.0024658 0
1652841504879 0.9954572 0
1652841505227 1.0778912 0
1652841505259 0.90048367 0
1652841505294 1.075411 0
1652841521152 0.7647399 0
1652841521369 0.7324893 0
1652841523960 0.63997 0
1652841524175 0.662017 0
1652841524391 0.6692993 0
1652841524582 0.6469446 0
1652841527941 1.0480256 0
1652841528086 1.0341575 0
