1652842842204 0.0 0
1652842842371 0.0 0
1652842842540 0.0 0
1652842842705 0.0 0
1652842842882 0.0 0
1652842843052 0.0 0
1652842843223 0.0 0
1652842843406 0.0 0
1652842843574 0.0 0
1652842843832 0.0 0
1652842844030 0.0 0
1652842844193 0.0 0
1652842844393 0.0 0
1652842844575 0.0 0
1652842844748 0.0 0
1652842844943 0.0 0
1652842845127 0.0 0
1652842845310 0.0 0
1652842845501 0.0 0
1652842845670 0.0 0
1652842845846 0.0 0
1652842846014 0.0 0
1652842846191 0.0 0
1652842846393 0.0 0
1652842846610 0.0 0
1652842846784 0.0 0
1652842846949 0.0 0
1652842847114 0.0 0
1652842847278 0.0 0
1652842847441 0.0 0
1652842847636 0.0 0
1652842847803 0.0 0
1652842847964 0.0 0
1652842848123 0.0 0
1652842848291 0.0 0
1652842849103 0.0 0
1652842849262 0.0 0
1652842849425 0.0 0
1652842849595 0.0 0
1652842849764 0.0 0
1652842849945 0.0 0
1652842850122 0.0 0
1652842850277 0.0 0
1652842852402 0.0 0
1652842852564 0.0 0
1652842852724 0.0 0
1652842852887 0.0 0
1652842853050 0.0 0
1652842853217 0.0 0
1652842853379 0.0 0
1652842853554 0.0 0
1652842853723 0.0 0
1652842853890 0.0 0
1652842854052 0.0 0
1652842854218 0.0 0
1652842854382 0.0 0
1652842854558 0.0 0
1652842854738 0.0 0
1652842854914 0.0 0
1652842855104 0.0 0
1652842855301 0.0 0
1652842855507 0.0 0
1652842855716 0.0 0
1652842855886 0.0 0
1652842856045 0.0 0
1652842856229 0.0 0
1652842856395 0.0 0
1652842856595 0.0 0
1652842856754 0.0 0
1652842856906 0.0 0
1652842859810 0.0 0
1652842859972 0.0 0
1652842860134 0.0 0
1652842860298 0.0 0
1652842860458 0.0 0
1652842860617 0.0 0
1652842860804 0.0 0
1652842860966 0.0 0
1652842862234 0.0 0
1652842862380 0.0 0
1652842862533 0.0 0
1652842862688 0.0 0
1652842862841 0.0 0
1652842862998 0.0 0
1652842863156 0.0 0
1652842863334 0.0 0
1652842863490 0.0 0
1652842863643 0.0 0
1652842863799 0.0 0
1652842864164 0.0 0
1652842864359 0.0 0
1652842864556 0.0 0
1652842864747 0.0 0
1652842864936 0.0 0
1652842865128 0.0 0
1652842865327 0.0 0
1652842865516 0.0 0
1652842865704 0.0 0
1652842865899 0.0 0
1652842866099 0.0 0
1652842866298 0.0 0
1652842866502 0.0 0
1652842866695 0.0 0
1652842866882 0.0 0
1652842867074 0.0 0
1652842867276 0.0 0
1652842867467 0.0 0
1652842867642 0.0 0
1652842867798 0.0 0
1652842867975 0.0 0
1652842868149 0.0 0
1652842868333 0.0 0
