1652842842202 0 0
1652842842369 0 0
1652842842538 0 0
1652842842703 0 0
1652842842880 0 0
1652842843050 0 0
1652842843221 0 0
1652842843403 0 0
1652842843573 0 0
1652842843830 0 0
1652842844026 0 0
1652842844191 0 0
1652842844391 0 0
1652842844573 0 0
1652842844746 0 0
1652842844941 0 0
1652842845125 0 0
1652842845308 0 0
1652842845499 0 0
1652842845668 0 0
1652842845844 0 0
1652842846012 0 0
1652842846189 0 0
1652842846391 0 0
1652842846578 0 0
1652842846782 0 0
1652842846948 0 0
1652842847112 0 0
1652842847276 0 0
1652842847440 0 0
1652842847634 0 0
1652842847800 0 0
1652842847962 0 0
1652842848121 0 0
1652842848290 0 0
1652842849101 0 0
1652842849260 0 0
1652842849423 0 0
1652842849593 0 0
1652842849762 0 0
1652842849943 0 0
1652842850120 0 0
1652842850276 0 0
1652842852400 0 0
1652842852562 0 0
1652842852722 0 0
1652842852887 0 0
1652842853048 0 0
1652842853215 0 0
1652842853377 0 0
1652842853552 0 0
1652842853721 0 0
1652842853888 0 0
1652842854050 0 0
1652842854216 0 0
1652842854381 0 0
1652842854556 0 0
1652842854736 0 0
1652842854912 0 0
1652842855103 0 0
1652842855299 0 0
1652842855505 0 0
1652842855714 0 0
1652842855884 0 0
1652842856043 0 0
1652842856227 0 0
1652842856393 0 0
1652842856593 0 0
1652842856752 0 0
1652842856904 0 0
1652842859808 0 0
1652842859970 0 0
1652842860133 0 0
1652842860296 0 0
1652842860456 0 0
1652842860615 0 0
1652842860771 0 0
1652842860964 0 0
1652842862232 0 0
1652842862378 0 0
1652842862531 0 0
1652842862686 0 0
1652842862839 0 0
1652842862997 0 0
1652842863155 0 0
1652842863332 0 0
1652842863488 0 0
1652842863641 0 0
1652842863797 0 0
1652842864161 1 0
1652842864357 0 0
1652842864554 0 0
1652842864745 0 0
1652842864934 0 0
1652842865126 0 0
1652842865325 0 0
1652842865514 0 0
1652842865703 0 0
1652842865897 0 0
1652842866097 0 0
1652842866296 0 0
1652842866501 0 0
1652842866693 0 0
1652842866880 0 0
1652842867072 0 0
1652842867275 0 0
1652842867465 0 0
1652842867640 0 0
1652842867796 0 0
1652842867973 0 0
1652842868148 0 0
1652842868331 0 0
