1652842842206 0.67172045 0
1652842842373 0.70791656 0
1652842842542 0.7268511 0
1652842842707 0.6583041 0
1652842842884 0.59147304 0
1652842843054 0.70922726 0
1652842843224 0.62084305 0
1652842843407 0.64688647 0
1652842843576 0.7009484 0
1652842843833 0.70256716 0
1652842844032 0.70932883 0
1652842844195 0.68607885 0
1652842844395 0.6453895 0
1652842844576 0.6614612 0
1652842844750 0.6449211 0
1652842844945 0.6897153 0
1652842845129 0.6727458 0
1652842845312 0.7033713 0
1652842845503 0.6859016 0
1652842845672 0.631847 0
1652842845848 0.702779 0
1652842846015 0.6808929 0
1652842846193 0.6646897 0
1652842846395 0.6214387 0
1652842846612 0.7218373 0
1652842846786 0.68036455 0
1652842846951 0.63468325 0
1652842847116 0.64308476 0
1652842847280 0.6459464 0
1652842847475 0.65676105 0
1652842847638 0.65116394 0
1652842847804 0.76179576 0
1652842847966 0.7446633 0
1652842848125 0.6280914 0
1652842848293 0.8189044 0
1652842849105 0.75636786 0
1652842849264 0.6439914 0
1652842849427 0.65562856 0
1652842849597 0.6714618 0
1652842849766 0.58864963 0
1652842849947 0.59030765 0
1652842850124 0.6401443 0
1652842850279 0.7851166 0
1652842852403 0.8873421 0
1652842852566 0.7005433 0
1652842852726 0.59034556 0
1652842852889 0.63987374 0
1652842853051 0.69701475 0
1652842853218 0.6627386 0
1652842853380 0.63886786 0
1652842853556 0.61030334 0
1652842853724 0.70978814 0
1652842853891 0.676614 0
1652842854054 0.64984256 0
1652842854219 0.60427207 0
1652842854384 0.65148515 0
1652842854560 0.6102378 0
1652842854741 0.64109087 0
1652842854916 0.631945 0
1652842855106 0.67907214 0
1652842855307 0.65331125 0
1652842855509 0.65040565 0
1652842855718 0.6506402 0
1652842855888 0.61709183 0
1652842856047 0.6302127 0
1652842856231 0.67233527 0
1652842856397 0.6438356 0
1652842856597 0.6384424 0
1652842856756 0.69915277 0
1652842856908 0.8396024 0
1652842859812 0.76803994 0
1652842859973 0.6614859 0
1652842860136 0.669176 0
1652842860300 0.6941544 0
1652842860460 0.59210014 0
1652842860619 0.6951699 0
1652842860806 0.7215633 0
1652842860967 0.8551313 0
1652842862235 0.68877614 0
1652842862382 0.77959895 0
1652842862534 0.7696981 0
1652842862690 0.68260837 0
1652842862842 0.67235196 0
1652842863000 0.68403375 0
1652842863158 0.7425728 0
1652842863336 0.73183197 0
1652842863492 0.67098826 0
1652842863645 0.70844114 0
1652842863801 0.7477318 0
1652842864166 0.65394604 0
1652842864361 0.59852904 0
1652842864557 0.630266 0
1652842864749 0.65738815 0
1652842864938 0.6842486 0
1652842865129 0.562652 0
1652842865329 0.61724967 0
1652842865517 0.5517112 0
1652842865706 0.5760326 0
1652842865901 0.58623034 0
1652842866100 0.5795236 0
1652842866300 0.5496726 0
1652842866504 0.65742457 0
1652842866696 0.6391941 0
1652842866884 0.6493797 0
1652842867076 0.6704258 0
1652842867278 0.61866677 0
1652842867470 0.6074951 0
1652842867644 0.56896585 0
1652842867800 0.61394787 0
1652842867976 0.57237095 0
1652842868151 0.65112716 0
1652842868335 0.80116105 0
