1652842088329 0.0 0
1652842088464 0.0 0
1652842088945 0.0 0
1652842089091 0.0 0
1652842089316 0.0 0
1652842089468 0.0 0
1652842089668 0.0 0
1652842089832 0.0 0
1652842089990 0.0 0
1652842090148 0.0 0
1652842090304 0.0 0
1652842090458 0.0 0
1652842090612 0.0 0
1652842090762 0.0 0
1652842090918 0.0 0
1652842091074 0.0 0
1652842091467 0.0 0
1652842091665 0.0 0
1652842091859 0.0 0
1652842092050 0.0 0
1652842092236 0.0 0
1652842092385 0.0 0
1652842092546 0.0 0
1652842092700 0.0 0
1652842092860 0.0 0
1652842093010 0.0 0
1652842093166 0.0 0
1652842093326 0.0 0
1652842093481 0.0 0
1652842093699 0.0 0
1652842093914 0.0 0
1652842094099 0.0 0
1652842094299 0.0 0
1652842094490 0.0 0
1652842094638 0.0 0
1652842094796 0.0 0
1652842094950 0.0 0
1652842095112 0.0 0
1652842095267 0.0 0
1652842095418 0.0 0
1652842095568 0.0 0
1652842095717 0.0 0
1652842095868 0.0 0
1652842096021 0.0 0
1652842096180 0.0 0
1652842096340 0.0 0
1652842096499 0.0 0
1652842096651 0.0 0
1652842096806 0.0 0
1652842096956 0.0 0
1652842098107 0.0 0
1652842098250 0.0 0
1652842098404 0.0 0
1652842098652 0.0 0
1652842098820 0.0 0
1652842099032 0.0 0
1652842099233 0.0 0
1652842099444 0.0 0
1652842100630 0.0 0
1652842100846 0.0 0
1652842101060 0.0 0
1652842101295 0.0 0
1652842101502 0.0 0
1652842101702 0.0 0
1652842101937 0.0 0
1652842102122 0.0 0
1652842102323 0.0 0
1652842102509 0.0 0
1652842102707 0.0 0
1652842102962 0.0 0
1652842103110 0.0 0
1652842103257 0.0 0
1652842103392 0.0 0
1652842106067 0.0 0
1652842106320 0.0 0
1652842106470 0.0 0
1652842106632 0.0 0
1652842106791 0.0 0
1652842106931 0.0 0
1652842107079 0.0 0
1652842107235 0.0 0
1652842107413 0.0 0
1652842107626 0.0 0
1652842107653 0.0 0
1652842107948 0.0 0
1652842108012 0.0 0
1652842108213 0.0 0
1652842108420 0.0 0
1652842108606 0.0 0
1652842108800 0.0 0
1652842108991 0.0 0
1652842109177 0.0 0
1652842109372 0.0 0
1652842109562 0.0 0
1652842109754 0.0 0
1652842109945 0.0 0
1652842110140 0.0 0
1652842110342 0.0 0
1652842110545 0.0 0
1652842113258 0.0 0
1652842113472 0.0 0
1652842113671 0.0 0
1652842113864 0.0 0
1652842114052 0.0 0
1652842114244 0.0 0
1652842114434 0.0 0
1652842114676 0.0 0
1652842114825 0.0 0
1652842123273 0.0 0
1652842123481 0.0 0
1652842123666 0.0 0
1652842123857 0.0 0
1652842124059 0.0 0
1652842124248 0.0 0
1652842124431 0.0 0
1652842127986 0.0 0
1652842128904 0.0 0
1652842129103 0.0 0
1652842129310 0.0 0
1652842129500 0.0 0
1652842129692 0.0 0
1652842129891 0.0 0
1652842130078 0.0 0
1652842130268 0.0 0
1652842130466 0.0 0
