1652842088327 0 0
1652842088462 0 0
1652842088943 0 0
1652842089089 0 0
1652842089314 0 0
1652842089466 0 0
1652842089658 0 0
1652842089830 0 0
1652842089988 0 0
1652842090146 0 0
1652842090300 0 0
1652842090456 0 0
1652842090610 0 0
1652842090760 0 0
1652842090916 0 0
1652842091072 0 0
1652842091465 1 0
1652842091663 0 0
1652842091857 0 0
1652842092048 0 0
1652842092234 0 0
1652842092383 0 0
1652842092544 0 0
1652842092698 0 0
1652842092858 0 0
1652842093008 0 0
1652842093164 0 0
1652842093324 0 0
1652842093479 0 0
1652842093696 1 0
1652842093912 0 0
1652842094097 1 0
1652842094294 1 0
1652842094488 1 0
1652842094636 0 0
1652842094794 0 0
1652842094948 0 0
1652842095100 0 0
1652842095264 0 0
1652842095416 0 0
1652842095566 0 0
1652842095716 0 0
1652842095866 0 0
1652842096019 0 0
1652842096179 0 0
1652842096338 0 0
1652842096497 0 0
1652842096649 0 0
1652842096804 0 0
1652842096954 0 0
1652842098105 0 0
1652842098249 0 0
1652842098402 0 0
1652842098650 0 0
1652842098819 0 0
1652842099030 0 0
1652842099231 0 0
1652842099442 0 0
1652842100628 0 0
1652842100844 0 0
1652842101058 0 0
1652842101293 0 0
1652842101500 0 0
1652842101700 0 0
1652842101935 0 0
1652842102121 0 0
1652842102321 0 0
1652842102507 0 0
1652842102705 0 0
1652842102960 0 0
1652842103108 0 0
1652842103255 0 0
1652842103390 0 0
1652842106064 0 0
1652842106318 0 0
1652842106467 0 0
1652842106630 0 0
1652842106789 0 0
1652842106929 0 0
1652842107077 0 0
1652842107233 0 0
1652842107411 0 0
1652842107624 0 0
1652842107651 0 0
1652842107946 1 0
1652842108010 0 0
1652842108211 0 0
1652842108418 0 0
1652842108604 0 0
1652842108798 0 0
1652842108990 0 0
1652842109175 0 0
1652842109370 0 0
1652842109560 0 0
1652842109753 0 0
1652842109944 0 0
1652842110138 0 0
1652842110341 0 0
1652842110543 0 0
1652842113256 0 0
1652842113469 -1 0
1652842113669 -1 0
1652842113861 -1 0
1652842114050 -1 0
1652842114241 -1 0
1652842114431 -1 0
1652842114673 1 0
1652842114823 0 0
1652842123264 1 0
1652842123479 0 0
1652842123665 0 0
1652842123855 0 0
1652842124057 0 0
1652842124247 0 0
1652842124429 0 0
1652842127985 0 0
1652842128896 1 0
1652842129101 0 0
1652842129308 0 0
1652842129498 0 0
1652842129690 0 0
1652842129890 0 0
1652842130077 0 0
1652842130266 0 0
1652842130464 0 0
