1652842088331 0.95092624 0
1652842088466 0.8086709 0
1652842088947 0.712217 0
1652842089093 0.5411483 0
1652842089318 0.543803 0
1652842089470 0.60303617 0
1652842089670 0.6137771 0
1652842089834 0.6080664 0
1652842089992 0.526788 0
1652842090150 0.5049376 0
1652842090306 0.45257208 0
1652842090460 0.4670932 0
1652842090614 0.53459764 0
1652842090763 0.5951151 0
1652842090920 0.5444338 0
1652842091076 0.53468263 0
1652842091469 0.51024586 0
1652842091667 0.5526144 0
1652842091860 0.5530517 0
1652842092052 0.53624237 0
1652842092237 0.5558978 0
1652842092387 0.4871071 0
1652842092547 0.5600153 0
1652842092702 0.5510598 0
1652842092862 0.6034019 0
1652842093012 0.66109645 0
1652842093167 0.6521989 0
1652842093327 0.5088108 0
1652842093483 0.53835124 0
1652842093731 0.6084602 0
1652842093916 0.59757984 0
1652842094101 0.56458426 0
1652842094301 0.53490645 0
1652842094492 0.5629535 0
1652842094640 0.54925036 0
1652842094798 0.5314469 0
1652842094952 0.62073016 0
1652842095114 0.6561276 0
1652842095269 0.6029185 0
1652842095419 0.5622034 0
1652842095570 0.58986026 0
1652842095719 0.6145243 0
1652842095870 0.5976888 0
1652842096023 0.6051894 0
1652842096182 0.6102941 0
1652842096342 0.59445363 0
1652842096501 0.5830419 0
1652842096653 0.62243664 0
1652842096807 0.6013681 0
1652842096958 0.6003863 0
1652842098109 1.0062401 0
1652842098252 0.8485339 0
1652842098405 0.98830676 0
1652842098654 1.0062163 0
1652842098822 0.94271004 0
1652842099033 0.88370717 0
1652842099235 0.88055533 0
1652842099446 0.8267037 0
1652842100632 0.66078484 0
1652842100848 0.66331404 0
1652842101062 0.6131958 0
1652842101297 0.6224983 0
1652842101504 0.5765193 0
1652842101704 0.6485052 0
1652842101939 0.65602416 0
1652842102124 0.67308 0
1652842102325 0.6504656 0
1652842102510 0.6626117 0
1652842102709 0.6445806 0
1652842102963 0.63443005 0
1652842103111 0.7240368 0
1652842103259 0.7188258 0
1652842103393 0.92822737 0
1652842106069 1.0224373 0
1652842106321 0.7145222 0
1652842106471 0.5603361 0
1652842106633 0.6571927 0
1652842106792 0.7244758 0
1652842106932 0.74831474 0
1652842107080 0.73155993 0
1652842107237 0.7387237 0
1652842107415 0.7618576 0
1652842107628 0.77881 0
1652842107655 0.89821255 0
1652842107950 0.9271448 0
1652842108013 0.904501 0
1652842108215 0.73970187 0
1652842108421 0.63824296 0
1652842108608 0.6530161 0
1652842108801 0.59965134 0
1652842108993 0.66635764 0
1652842109178 0.67991096 0
1652842109373 0.62113035 0
1652842109563 0.701482 0
1652842109756 0.6512183 0
1652842109948 0.65833795 0
1652842110141 0.6160165 0
1652842110344 0.66156787 0
1652842110546 0.8780793 0
1652842113260 0.7827504 0
1652842113473 0.7612473 0
1652842113673 0.5617135 0
1652842113865 0.63961697 0
1652842114054 0.58557284 0
1652842114245 0.6761543 0
1652842114435 0.6926516 0
1652842114677 0.6189655 0
1652842114826 0.5810884 0
1652842123280 0.62097925 0
1652842123483 0.6045474 0
1652842123668 0.5891296 0
1652842123858 0.6383449 0
1652842124060 0.6242678 0
1652842124250 0.62289166 0
1652842124433 0.6176245 0
1652842127988 1.0816922 0
1652842128910 0.8583049 0
1652842129104 0.8854436 0
1652842129312 0.86826503 0
1652842129502 0.87781006 0
1652842129694 0.85179263 0
1652842129893 0.8486613 0
1652842130080 0.8698774 0
1652842130270 0.85725206 0
1652842130468 0.84319574 0
